41173
588
58227
1549
6061
55320
48430
52174
88069
10080
29311
38342
20689
69239
13915
98835
24556
55062
64322
6072
57926
16878
73271
73671
68612
75596
43576
39752
22070
5249
55770
63243
5837
13998
64793
11899
69319
13224
64073
57388
23304
93385
95731
43994
62624
9646
42829
87181
64709
7151
93254
22636
24029
66526
96307
92642
42123
39884
32394
64193
45133
88164
27437
50971
2162
92230
62870
71482
5454
26944
28870
28759
20330
24602
72753
82955
34248
15582
70136
98958
22734
63391
21595
46763
29917
17902
39405
72041
57786
71799
36234
2920
59964
63671
53892
62127
55902
16763
33609
61357
43708
62480
90116
64038
87082
62870
46993
21331
78452
17130
20290
1186
80521
41885
47950
10439
59788
87356
82480
17575
59156
18715
20496
19121
82387
74388
81248
38289
91151
14858
99647
34859
77339
89764
98898
64422
52634
45891
85754
31087
63021
6044
32274
43543
47930
80225
53982
7718
67582
36463
25294
26738
55178
45790
45859
37566
20178
27108
75856
11330
41967
75503
46190
19306
65268
45088
83728
17902
90979
69482
48990
54001
75527
81265
97544
23458
61490
51527
31177
29072
87991
56471
55811
43169
2261
1671
80736
22440
28779
56592
33771
70746
32095
79961
90053
97363
25049
73782
15266
16029
43265
64257
70031
18792
45522
67576
42250
7012
19103
73427
36085
7094
29899
91896
50264
32161
93567
31000
54602
22347
87592
88373
93094
19688
68335
83147
17052
93385
56929
32319
9414
194
96576
79446
18987
42098
47022
61238
49110
66125
34666
85195
73220
64565
77092
23485
96727
70660
54486
51329
93007
42079
39703
86101
61768
8038
69249
78820
1423
26179
11139
10838
26373
7715
90284
45361
49813
37306
6599
98924
3432
41266
84120
76653
5832
61213
139
2559
31873
54625
53889
24880
96704
93592
10982
58472
1630
80232
37293
3053
6411
48433
13892
32785
56148
4176
78146
5962
41483
84746
4887
44916
26012
89008
21569
31845
50221
21708
34404
82094
76334
88293
6975
73039
81885
17957
31512
83516
98189
68805
86570
4600
17238
462
37386
73387
4638
15532
79350
46122
279
84237
91038
26292
73245
12608
58137
23467
34316
92542
5561
10651
80835
12536
83690
62721
30494
15202
46237
28683
84008
32807
33284
1247
33269
70670
74634
37908
86203
53984
84030
86483
38222
75069
12775
11468
87677
70913
34935
21994
63455
40497
32645
44290
53034
16336
7012
83528
31539
53249
12212
15547
86057
45497
16794
19327
16168
91429
57235
2372
45414
41266
88855
83637
16335
1631
95105
4013
72544
30041
26007
35999
70539
58653
80290
23573
74989
87303
7101
6528
40552
19314
22075
26610
64811
38870
45937
80979
30300
3173
83351
75714
44439
72207
59351
60775
73838
54457
64788
46383
84499
90796
82382
55038
49449
62673
78612
24438
49976
85714
30966
90529
5028
53042
17139
69840
91913
63077
50820
22213
66250
34172
97928
10690
6379
57280
71466
80217
11737
36255
26601
96237
27051
8984
51276
76500
71657
29888
938
21634
15603
31905
12164
20631
84948
29304
90472
76862
92381
41292
99075
58632
75464
97004
69323
81843
54284
40789
62061
66021
77044
88662
62259
4095
97646
13535
80596
69304
43424
81535
90939
59027
13440
3103
79658
98389
32407
70131
75251
24789
11423
74327
83421
86887
71331
52744
68731
25616
93534
30793
91638
70578
19455
53897
74674
17102
67432
55270
86407
10856
36805
77346
69883
50246
80449
49542
48636
12856
19674
23888
37645
31097
98215
21067
17985
69547
73811
86716
95164
67345
17510
86802
37924
36966
40699
12599
54068
8132
67869
40476
18989
4675
17822
88873
54922
98272
38416
3559
11129
58090
27447
48775
89187
25663
69842
7173
95211
43654
93890
90375
11000
11400
77177
48925
48366
17876
61524
2435
26009
29393
42911
44998
34069
60734
33871
88992
59006
72287
92551
70135
30378
19998
18910
19565
45661
88753
26739
40872
32408
20629
31247
43408
32029
8425
92333
80396
26302
53858
82831
52311
83252
25743
97309
17321
86477
31181
6313
45484
3469
98864
15620
33847
18863
34530
53413
64524
23284
80152
5397
55692
781
36645
99101
32811
45070
91435
13207
71372
45293
96039
23683
28545
21782
20993
45867
8260
52175
52180
53744
55644
51045
69364
89491
69909
3895
42905
34434
27180
23057
39831
82872
23839
76477
81974
56650
21547
73409
69858
92920
18703
65897
16604
47248
87680
37597
93115
95940
89773
45296
49685
45417
96342
19049
34909
66251
22945
77814
685
50125
872
40517
32998
24711
16994
14973
81362
38541
88383
51220
31461
7086
17117
48065
54334
4797
85663
47450
738
75436
92746
50423
20854
89088
69473
55763
55339
92419
33578
56025
42545
34451
96542
75544
59162
13536
90517
40524
52078
78900
91745
83539
85986
8863
31605
40321
13660
17269
87771
14399
92706
80517
64822
13560
69605
34296
69324
24945
26715
2903
80970
69260
37354
77513
44804
96516
91049
35321
37041
43127
14222
28786
26667
208
37650
58273
40529
51310
75542
28300
65710
68249
8818
30533
81809
78424
64829
51134
3369
91544
54037
84340
60804
91391
61854
5609
87908
52903
40930
24949
96031
55152
53736
22698
55361
91386
80972
95891
42697
56514
24192
8408
24763
33010
38941
6573
11434
3770
57707
14804
95314
11744
99145
56119
3136
60999
61728
91044
13903
2659
15994
9934
57811
69731
32632
13173
61118
13604
9064
3816
70119
33256
12224
94883
66267
51165
1457
77701
54935
59165
92506
50250
70910
91651
6369
74046
52651
68097
65091
66554
70756
81085
76488
28568
50817
9121
41741
11935
22726
50806
15751
92845
84063
27975
87729
50330
79140
89187
28032
34076
48352
20538
84326
19262
12190
90695
93308
64841
58793
58399
31395
29549
39485
7883
58118
90302
17004
99860
2237
39730
50666
17988
32576
34730
45964
20306
85060
25104
9493
13093
59181
57845
33631
43507
77107
45821
34202
70416
10662
92995
28816
42057
22545
68301
49941
80663
58604
66945
80523
60841
6676
31190
78830
39253
65920
24794
59560
50981
49899
69053
64074
9080
26899
97706
52588
4007
43527
86791
74423
54190
79786
3239
96247
2332
71541
46189
82996
30145
13135
63520
90987
19811
94710
69817
59065
60631
94612
18625
11613
44512
87679
75688
53593
14578
73394
6181
18585
16922
92972
93009
71112
72759
96248
67360
75091
67790
13549
58088
97935
26684
21608
88922
46496
16319
58740
5561
76951
53352
24186
88564
97865
11865
64253
51458
26444
37647
57639
45029
54570
50611
38038
25682
23371
34287
93042
98462
2077
6591
56551
13
33275
78159
88936
79771
94478
47676
85333
71429
1029
9519
59994
98894
21385
24248
50352
47829
61895
7991
92859
16465
58603
30897
42148
81974
65185
35190
80437
67262
41782
36988
67276
75057
15148
56212
54829
9626
3888
40162
81056
4918
49682
41051
3812
71068
65299
54165
18898
27195
62157
11757
43661
20760
42655
85809
2735
7841
21000
83173
75103
62782
20162
42380
37840
35310
98592
92669
44937
2481
32832
25994
7400
82515
67045
11212
53583
32345
65377
72482
59541
27535
84240
3202
48296
26895
89012
51031
34736
10012
34205
9840
72794
54367
52221
10635
89678
50813
3304
34616
53295
36137
60610
60695
18653
27656
71908
72236
60002
37286
44719
19543
64821
28959
22745
13117
55855
11758
64149
90591
21770
98355
432
94565
52722
52653
5200
42401
3467
8505
77017
56762
44642
37627
17458
63295
65284
89366
35532
25286
26653
80251
44829
91474
9211
67575
4592
65066
79333
68741
55658
1103
67096
56090
95669
19819
8744
869
62221
12211
9374
39238
68974
54017
76866
86432
17313
42151
75799
52846
67437
2453
33098
12266
93927
42309
79842
98519
7375
59175
67261
63033
60279
34358
19124
55949
54178
27868
56818
16399
40080
66193
55638
9054
20210
32505
95487
37524
74656
71287
90370
42093
73740
23468
54360
67668
65778
34203
66188
73154
93378
33450
36187
53658
67808
55312
9607
21987
83181
66426
38386
23261
32619
94025
32316
52830
26530
27804
90355
1187
99092
80725
43281
72833
4194
97642
40501
69972
31845
6690
43126
25224
40140
79314
78883
7948
34627
88490
29935
17808
54917
68322
41070
87537
62348
73387
40367
88879
1191
30722
90066
284
11448
33347
73117
15643
30989
13619
85616
62835
20309
28743
88059
60449
8058
66942
68398
42685
55433
98334
60493
10350
66656
1564
97888
29004
74951
38255
17884
76142
68978
7950
76426
80427
41298
49544
96071
72288
63163
81687
35123
83472
10430
23183
43922
18488
90125
12320
61174
45559
10654
21667
55910
77311
23232
53798
6316
98183
92054
24200
74326
61033
32150
50753
41460
73448
297
37531
45737
63461
19219
80860
46933
29649
4043
90855
48138
94169
3176
9312
39728
13830
30980
95639
91141
54212
49437
97458
52395
41492
21658
26722
2525
53809
77475
43986
27257
77772
81518
72995
41233
737
53855
88167
30387
57899
79023
78525
52068
82199
87838
91797
96030
18819
87436
87172
73031
36874
84630
25427
78367
6288
52149
80892
60097
29625
24879
87355
7397
6397
60350
48631
7134
14206
36799
37521
72105
15822
16047
24173
98022
3886
15971
94052
22705
3408
81224
95736
40283
65855
21164
18650
72143
73314
99543
32241
2939
24422
19596
10337
30819
79947
58969
37953
94153
95768
75475
66259
11591
91523
90433
9613
95409
6404
3666
18114
9813
84891
13851
50096
50746
35016
68747
22890
8330
68290
55131
11270
92712
74728
21608
23532
54676
80578
61486
48830
76346
36962
15089
87938
28485
5522
97552
23894
11927
1218
42008
21740
86110
55860
71837
36857
90876
40584
59747
99207
8874
14879
10478
1587
89608
32087
25119
44284
12665
86605
93114
89012
23568
8204
76950
52053
13727
74502
75947
25654
75721
17956
47395
61832
73817
19232
98689
64693
59816
58436
63901
68690
73316
74379
70278
62924
6466
95397
7209
19132
82003
324
8144
5571
8528
85095
57624
22255
59597
33572
47910
35319
51529
95305
97151
25346
14537
95840
90040
74353
54277
53941
43044
27593
28321
13322
90518
34788
8719
97727
53920
90723
98051
62065
96295
6580
47160
53920
28835
6758
87492
76745
42077
39022
72051
39229
64368
86588
35069
54408
60941
89347
8350
3986
16941
36671
17308
7459
71459
26028
5187
25380
16751
3239
87445
13046
9819
34605
66967
38655
41363
54459
15401
83441
93481
87452
22670
57850
74041
57740
12259
34983
47088
20609
38969
64029
57281
56277
71489
28741
82305
76677
54122
99057
79916
41567
12104
89736
76173
79071
28392
17537
33531
43793
978
27013
31246
23649
84863
5287
81390
97123
40271
28478
17733
79240
92508
75015
35518
63997
3756
17823
40675
57878
16881
20591
99446
28986
10328
75620
8057
38720
93157
41588
82514
94136
68602
13761
17786
53466
19048
99176
50589
59320
27654
68323
38560
20162
43338
74078
84160
47094
91902
24835
4973
8784
45427
4420
37770
55755
80040
45827
94476
73198
87416
76990
67334
56018
90751
85121
9484
9800
84297
60074
69120
11952
28397
7681
32115
71735
81759
16276
18830
73662
41111
23803
82446
86539
28224
20216
42295
8265
66043
36771
81463
53460
13762
48798
9478
4514
33919
18963
14315
18217
79037
83436
30169
7434
91117
62284
79169
72877
78560
97999
46539
19672
21803
28986
6211
50027
49202
48507
58292
15246
85278
39756
68707
99040
88555
78185
3555
22474
97149
17870
40691
76186
1306
70861
83620
92424
33146
62790
65301
11707
60789
11841
31379
82593
40828
37591
32620
90031
86098
90913
5277
71377
30670
73985
70417
19225
52171
73973
41699
49320
91843
82391
25506
93150
53253
9127
85574
86399
71918
50876
98106
32707
62718
29486
15301
3546
67077
47922
93577
53176
38835
98855
24553
69506
72840
94971
88731
25011
68944
30431
74331
60788
12823
99838
53938
66076
8966
39513
52476
80884
90390
50582
13592
53108
80068
28893
56655
47146
76815
50233
322
15651
49088
24875
85157
21929
19846
73888
46941
88790
4320
21273
49579
17143
21112
3517
83219
30078
43031
35696
10962
33421
86278
24555
86530
66347
53448
43185
13494
30264
93419
13816
45915
42508
38692
31073
64437
58538
4962
11379
47329
9282
32652
96908
26425
53764
426
9645
83843
43457
45342
94806
76879
31620
19361
63409
97968
72810
6595
11462
3074
14
25279
48990
42523
63971
80064
6960
22510
85026
18340
69839
94309
50992
66748
20734
4757
67175
30380
88600
10633
75722
83406
87512
7343
2768
50922
5312
75578
57518
16774
78652
57533
42054
27643
56
6025
7707
7017
28535
92734
25357
98375
87043
76350
65123
7778
81107
32299
38159
69708
42932
13882
53115
30445
21225
55883
81367
26538
31461
38886
43313
10114
96419
85367
37758
96475
91392
45465
3493
19928
38200
28850
18303
25243
5200
83427
33021
86308
15726
71180
56016
58658
85062
9131
89103
6288
65015
70471
32826
96476
9357
76139
6591
5777
61506
44349
2253
52899
89815
5746
72827
28016
34596
91131
53259
39797
74559
86281
26105
90286
57461
82122
48944
42524
91254
38048
48812
56269
8520
81639
52746
17878
57778
59337
23655
19285
3687
25908
72185
93503
31654
45013
21519
66251
36145
74779
6048
10704
61060
32154
990
18521
14276
49935
61046
5530
87984
9859
61800
96504
91498
14546
14383
49277
73884
38038
68563
77571
63947
40748
71075
95602
85762
92595
61853
21907
67374
67902
32611
28434
56
33601
46956
14333
83537
8003
19864
71521
17862
81664
68026
9361
96210
82410
58638
70094
20448
27202
47666
84396
67950
18742
79998
53712
11337
41852
75620
78712
9755
8231
7147
9812
41833
54104
24145
25371
62107
44009
96892
79970
25674
64919
89331
21884
47329
47969
91979
67778
75171
39646
52174
43122
58388
32173
96835
69726
74026
72456
48439
83781
80687
55586
93593
22521
9690
17739
47892
71798
61749
44785
51768
87423
9704
41099
9308
57034
89069
1287
24812
64241
40934
76987
7364
99323
9161
4200
69049
83188
76656
17488
66969
57344
73075
60563
79865
82766
78302
27757
54564
40051
72543
6333
27475
82248
47432
36783
39282
36502
38071
64095
744
79005
41082
8108
78328
50244
12308
47378
33432
88965
64867
401
46309
37942
60965
26174
20708
39267
53932
75273
79319
26475
81606
6794
8723
29039
43577
48006
65542
81649
12101
66286
60654
53183
74394
38983
3428
86703
86361
36860
75668
51228
37262
21978
89170
98227
48152
9879
37495
2085
85152
16814
28561
66759
23609
37285
95798
67187
85291
61341
48836
97392
27627
9491
50576
2022
48474
54005
88726
34835
90865
64395
86064
28128
86373
75235
26355
34526
85115
63851
36611
70267
80666
65172
37027
4275
2458
32826
71462
87749
94167
20299
85142
21794
29790
35719
23816
78265
89724
12543
13101
80589
76938
99165
8717
63311
74400
35073
97837
59515
98924
34448
29783
79590
99621
66811
83866
2079
99637
55329
89829
93804
75628
74971
15599
5419
10690
39416
83684
415
51959
96785
81004
28897
95951
89722
92209
70352
24796
90046
29868
23720
24495
59651
3311
24117
26463
87178
26197
26100
42507
16026
19905
18136
90998
35505
23556
1689
74921
7240
2104
26881
4026
83109
55779
99977
72831
47988
70329
97627
38035
197
21348
62530
59849
24660
86648
86313
11838
12845
12413
54346
28872
32319
72483
19871
67824
96039
21560
42746
3280
23664
69628
7306
6774
25407
7284
79605
73395
77614
77233
11430
77812
98582
73961
37662
23243
60610
23975
35082
73456
36389
89429
2329
68708
61912
22200
36533
57951
43761
79280
61231
67426
48908
68537
74200
74316
75822
53806
47711
53436
31040
59142
31248
29622
33104
68911
52866
93715
92886
87949
67171
29275
77378
69500
97984
39290
91701
34518
97241
35462
13799
58472
2888
62707
27010
77088
37023
2833
30894
84735
56269
61934
43878
87518
91557
76983
56429
44424
70698
49315
32373
37870
78591
9751
7371
76576
49041
99072
11094
46283
34535
24893
4756
37423
87601
31767
14512
24625
34600
45407
9361
90869
7341
53239
78388
98899
30223
34817
43324
921
84133
75697
38792
62725
85449
46163
39301
34491
45236
50396
80774
79771
75290
85530
17195
62891
17298
31707
87517
51898
77114
96878
42767
84456
50118
21156
83356
80341
55974
26681
81263
40108
2378
20055
2833
87828
66219
42135
22319
11456
92531
3094
91228
67821
88625
8423
30713
5923
40131
18230
57821
17246
15109
589
1703
65227
21745
85060
45569
77719
11741
26832
17827
14120
46888
20661
1948
13108
62796
24267
24564
55328
27362
15793
23150
15987
24217
53864
21910
64348
72094
79731
81595
87204
80321
83299
52431
2066
68360
98000
79786
80101
24833
97614
94222
71722
18276
96170
84830
81073
20438
9395
36401
47800
25188
59552
63788
49405
13416
85698
13754
85510
65430
95349
72715
45751
78649
25146
47818
47009
23147
27605
27111
47981
25219
21333
19703
43495
17504
4533
24568
37943
13928
60970
85744
39116
20522
49532
88521
33938
35231
2275
19449
661
97625
92164
46413
76275
17311
94232
23285
40458
21837
50396
88440
47057
71730
8143
90553
89235
12676
15122
27178
26604
76092
12922
65721
96615
62454
54242
30554
97685
56518
50003
98347
54144
42168
44761
30419
59479
38993
53704
99938
60831
4101
88378
7888
75832
96522
98441
65067
9198
13563
92246
35803
89656
5168
1524
86271
67623
55767
16825
65309
12285
66829
63657
66430
8997
8418
96849
68477
47411
50554
68416
8243
54656
56795
16131
30488
53317
14572
95556
62516
28136
87802
98319
17792
92971
99843
4063
60594
55611
20889
25904
67896
87718
89561
34327
96716
97979
31177
65193
45391
81731
33610
53634
36388
90405
69765
66877
43723
84338
62433
6239
12475
50236
4558
30268
43207
4402
34331
3802
60013
55221
29706
27910
42939
19267
62237
39655
17246
93414
4849
62638
75146
38459
16272
11534
28865
86038
78411
72589
70377
40845
78828
82853
91081
83387
13121
34289
87789
47453
38091
47802
2674
67797
75713
45614
87065
37950
85270
4312
31365
90119
66950
6511
28579
83223
18046
57445
69262
96457
30034
39640
37303
8863
22494
28384
92250
35615
62673
80039
83068
765
27842
85743
68563
3555
31358
55628
41506
16628
59941
72871
6748
26892
79382
35328
10115
97429
92773
79378
93886
22807
19019
31189
31671
41513
59574
23921
77128
22248
3960
60197
23013
31803
45941
91576
35358
77299
47205
76864
93927
7146
49736
676
34038
29119
36004
44154
26548
28777
23533
20434
51585
42552
51624
83256
84065
11199
7177
61194
33447
11138
21392
56461
42941
67333
48038
78300
44632
95243
55165
38560
2390
4901
39236
36429
34020
75240
80584
60568
4018
4117
81003
55603
46670
32628
38860
30736
43827
46037
91930
77275
57176
13322
33736
118
80656
81774
78418
25288
77018
33583
63849
79409
38485
3085
15839
72505
78326
96423
33074
82344
541
14078
37948
47212
46706
76808
77948
90533
22846
69878
67808
80023
83201
1545
80141
63857
83320
58560
89146
60338
92143
52995
39748
30629
56081
55587
3135
34408
52011
36209
16753
52553
50288
54701
99765
96994
31510
77713
87528
54357
47592
55336
34380
30793
56882
14522
94651
40202
73082
83798
541
65226
36794
40289
95855
92875
95877
98990
27284
47889
35200
44037
442
85488
98739
207
82483
30250
77921
70011
84607
25513
25348
18988
56307
82230
33510
50959
22433
6592
34757
22974
71818
71551
63264
67674
64427
59142
66665
91711
7031
1865
35749
7473
87354
34489
7681
69838
64739
85602
39849
49347
11116
65197
68335
67424
47428
1846
18383
69861
8439
53141
92835
80257
24692
56100
47931
89120
15242
14597
80832
22273
16462
16582
29747
3817
51071
37428
73655
15810
23031
13505
65158
34148
78702
33494
1572
26131
35340
19956
95992
43779
73097
88828
24037
97790
44928
71969
86911
60171
86566
67743
82444
3029
84325
12192
6847
35397
49621
80502
51208
72653
94008
16366
6801
72711
49860
8374
98842
85201
28330
94835
28980
1428
83663
53017
99219
28592
24986
86130
88763
11553
53874
71208
14582
38200
83400
21429
73597
33021
1932
24805
5674
95940
41172
12476
68651
91033
20850
67494
76234
49181
62329
5214
50610
45992
58232
49829
74585
83219
35960
63348
94772
89834
34557
9354
28035
17957
30784
1633
50979
32716
26439
56654
28657
67611
69130
97309
58644
89980
64803
34879
39162
27132
40093
89772
73125
98326
39602
47710
81545
75562
11059
76318
65397
45616
85673
93433
63573
16457
95066
14553
49174
21505
71207
77831
89117
40337
75140
47761
30318
39943
82640
69480
67076
22734
59253
40201
21061
98855
87912
2607
74418
98971
78925
39816
44588
64599
33249
8162
81057
28315
22715
30231
49821
93922
8062
38938
34260
83203
86700
64578
23147
69341
34059
90223
92076
93313
30425
13137
92168
18338
15744
66587
17310
94670
6403
61898
59269
39653
70060
40326
67969
92775
70557
17790
86698
78620
56729
20958
61824
43430
85536
84971
12771
19596
75194
4847
12909
5620
17985
5078
23958
33729
71665
41268
28400
78069
3166
87669
17723
73227
27996
85693
66002
98553
3483
52700
77174
60213
73658
38998
3643
59195
23969
16415
78791
99164
21263
91701
4784
39248
96779
28743
72978
68445
70012
1378
46515
73178
89048
64239
46406
17044
49932
12408
15598
53416
65109
92772
13629
38768
31771
17273
97963
55740
33688
76755
54905
54951
68457
59690
94200
65236
88434
67178
33682
58446
68557
80198
31625
57605
44437
78031
74649
94369
90440
90247
47785
55549
83020
61415
94317
14791
78688
92281
70532
12377
69037
25438
67329
37494
85128
61530
2730
73562
28708
36413
32009
97266
16611
63634
54871
61048
41665
29521
55418
32105
19769
3203
87655
2789
64619
81972
17580
43308
74253
88113
55686
43290
13551
23015
80785
98679
84545
83515
72242
13254
19928
4251
10521
36540
67885
65392
97588
9551
94914
53007
41657
14683
56211
29312
17472
20830
11284
35053
64139
85538
23166
19825
28829
36717
42841
9614
35397
27386
93130
7640
40641
13059
11892
51162
49599
79777
16555
47188
89329
11469
195
30986
26152
56406
60298
43625
77237
71583
78678
41376
57122
1844
61201
85951
38562
4042
95566
73960
31429
88696
81601
72070
1756
93493
23233
51355
73271
39788
98544
62600
51258
98740
93587
77411
55146
53886
21036
32384
25469
99714
73760
82592
1559
34961
68544
40122
39004
64110
14083
70434
52807
95684
42505
54563
89177
65738
5919
62448
5527
4464
25049
56785
3204
18636
34196
58351
72522
55233
90735
97992
54947
64495
80584
56507
99457
49128
96629
38462
13239
10712
8896
66047
6397
51401
20611
95574
17140
26531
58022
22667
30995
83072
79453
34200
1708
13650
92551
74231
68883
83286
72223
23831
47782
52808
80338
47240
1937
76968
85702
15177
87680
94599
81224
94078
46000
1835
89652
63140
28366
47675
85807
59362
30747
65261
93562
32455
78911
86113
6687
47794
69400
78911
71625
17183
31719
51964
64423
33657
28932
50126
48834
16613
44725
30059
10691
90725
31895
343
53866
60262
48019
39674
19624
78766
4935
13186
11222
83847
99300
17909
31641
68700
96820
3267
85884
28540
55231
50307
62198
84164
434
11033
777
45159
41092
11468
35885
72988
11812
89751
33250
59831
29426
52874
38598
34361
66061
49821
18209
65361
67731
49851
34062
64551
53118
19946
93092
8350
70254
55291
92515
70688
66324
93292
15848
7417
4761
51733
80405
16574
41485
13655
76406
70911
66530
15004
5273
32591
64825
23482
97952
32556
73333
32015
97108
26452
51961
90201
34803
22216
45492
27318
92904
11816
20610
8752
19234
25372
60486
99639
41946
1971
13295
18352
72883
79825
33357
78157
12417
98182
1640
10369
30739
74974
42384
27848
1426
94346
18050
36230
16562
63542
63548
9467
75359
84159
18219
94593
9532
78706
94233
51478
80678
7528
69831
53561
87354
3188
31719
99771
1371
33359
10141
32111
8333
52526
59959
9760
46872
78010
45991
63435
41553
9540
72902
16912
93700
91122
11506
3232
69828
5740
54711
50506
13269
24542
4068
624
27730
35787
395
29101
69147
10537
61212
77481
63063
21172
87241
9936
99183
33233
73371
40736
42773
46274
57648
36473
37396
69155
39705
7225
74896
94416
57731
88165
18959
61800
88789
46689
97587
89185
75791
66734
99722
37004
44215
62786
58176
31457
72722
57359
64690
46094
98096
7464
92368
55745
43937
29765
24900
83643
36990
99797
78060
94722
87962
97019
56522
76752
43708
54110
65938
19500
20844
65660
56504
65060
28447
14681
96518
1169
72041
61209
47264
70137
68673
39632
25882
12610
69398
50783
96254
6389
50580
74314
1111
38543
71334
57634
15295
15043
11744
81233
34543
32589
46894
91047
97649
75341
5729
94168
76511
77770
55377
23775
47907
24050
63408
73790
36661
32807
24573
32915
39196
75154
7230
40308
13697
78564
97942
28993
93607
9687
10227
28150
42276
57122
19198
39926
32464
24927
34094
8975
2697
89471
32751
50605
13521
96160
24396
50182
28968
48969
83098
68164
24124
90328
8473
37821
68892
6416
66814
62500
16103
77042
90650
58379
34164
9849
98306
66628
34776
32400
75604
37474
21871
8355
88080
35393
4516
12476
85576
33484
61446
68674
1649
85570
59003
10122
23392
27896
16538
90207
90396
32641
67249
81047
91021
1413
90896
89327
68041
25673
21728
43645
63148
43599
52001
51228
78993
56518
63705
64569
90003
25151
33243
91652
10722
92246
1775
34115
20143
18314
24322
10539
50956
91571
91586
41977
92984
82483
31305
61026
8156
53033
4672
71304
96633
56674
22533
75626
13193
86238
40195
3196
11390
73439
94848
22113
65686
96624
56228
85829
14938
80550
96369
65894
72122
87956
7872
65107
70439
39177
26134
78596
92211
30806
49900
88844
87481
72434
64471
674
58673
4667
3871
70063
78107
98720
92177
43794
95344
48405
29624
10282
28956
25993
76177
1078
13949
84049
66185
84388
23226
92319
62984
15438
23126
12885
4283
10608
85319
68754
11283
43993
73422
15154
14056
51529
13874
6234
95323
9218
54640
24947
19501
83596
50940
95678
84675
64890
79727
50861
49278
2954
43181
12263
18393
66308
25149
22676
76916
10469
91430
88199
54462
64852
3354
68519
16382
17228
74753
11705
26447
29393
36653
45948
12990
87594
41627
97665
52484
21355
48526
1763
24310
91708
14026
42703
58016
39175
65379
34932
49645
56810
23132
4107
21663
26486
72626
38045
43715
47380
49751
70162
76773
86404
16111
89763
73998
57738
87429
26483
79093
35956
28246
3403
27664
42272
46107
85680
81448
11486
20613
31094
68297
43746
35201
89960
70232
7828
28006
13948
55208
77758
84110
31982
64162
221
21745
38161
57960
9175
64645
37054
45131
92891
40458
72795
35164
86565
58475
16613
98052
79089
47707
66349
22835
82908
56310
93068
90737
84316
7016
45945
62074
91127
77927
26237
91349
99673
64399
49309
8848
29044
86363
53979
21935
26821
26775
57100
13386
85251
73713
11438
64340
21420
77788
87176
4329
34098
80244
95066
18414
87261
41011
80489
78388
18939
6727
69737
18613
71126
19046
27461
171
5410
81441
22107
32231
8216
79207
45618
93467
52920
57057
57808
74340
34845
44984
78669
68943
25229
73735
87358
12490
14747
67848
90878
33687
74575
60616
52300
45702
79663
79762
45874
85073
61204
67981
17305
69421
47188
62924
62889
108
19981
20697
74449
54827
65681
53119
23770
90910
26855
11129
3401
41603
78978
94280
75290
53553
54896
27591
99256
34560
7353
45130
19634
68557
13111
36940
37979
60300
99864
868
60409
19846
21565
34858
74673
87247
87978
98444
78158
14833
9574
81559
56436
88552
75839
31727
42105
30736
59318
41362
65297
66672
86492
84931
35230
99604
21871
73209
59904
21735
74077
20314
41581
95642
55173
16255
82890
43151
14699
61048
57985
24273
42608
14421
12825
18448
46149
54931
49184
5467
96293
14481
72140
82786
99413
7370
82391
21284
80579
42295
43020
54656
62610
84602
50299
17783
857
33189
60934
15557
94238
18919
39830
36846
33341
52656
55295
79490
7588
4480
84958
3882
18962
57098
86669
18375
64468
69060
39659
45048
11356
82680
99704
73966
67282
50004
91749
68139
83193
52683
83697
77432
71603
23528
14279
4944
76184
69574
84435
83773
74054
69393
87655
93016
26492
74324
11391
90961
43384
51051
36009
54740
33731
35714
28706
1014
85718
20456
69154
68912
73139
52851
46344
44743
76379
60623
49687
52564
30197
34122
36337
4251
3516
23993
97268
30009
98317
8660
20970
41702
59711
56980
96443
93443
92694
25150
94458
78413
45606
63612
47325
18746
16463
93669
63489
92842
54292
13177
45407
84489
47300
81744
88741
50817
5737
86010
80826
4055
94670
1797
45758
54381
58778
42201
47825
51472
67352
42283
29885
12959
5896
77211
31705
22359
70880
95195
15202
25172
8373
60609
9662
55673
42354
98404
6491
48091
84414
87318
52147
79084
89115
97905
33466
47893
40107
81292
99366
7459
23576
29252
20419
29472
6463
52125
51831
77344
47321
67034
2517
55694
27644
12179
11368
69998
10584
17859
18090
94999
5177
70237
74084
94293
68143
7550
42187
8250
88843
41553
15710
12419
70806
36129
41891
77270
88254
93723
54614
35576
60757
57131
91270
88401
69311
2638
58399
79895
20498
76489
74895
25676
46727
48979
19969
14870
56530
62156
23121
45373
3710
38831
57792
74516
74961
99683
51786
63216
93406
6401
98792
54164
63532
90062
42565
32843
92701
965
12739
13200
77455
87634
38876
24182
36614
58845
39052
93144
21002
62173
38518
24712
1005
96311
99229
75966
95994
51015
39183
89401
57417
37975
43566
20949
28038
86132
53792
20740
87097
66532
33940
64552
54167
72816
88735
90781
31662
27788
83926
52664
89961
22444
77376
90967
18755
76605
66934
14750
27621
6117
4152
85038
44093
47718
5988
72131
33850
59781
92871
20948
26313
26812
85501
80480
99628
74236
71261
31290
2024
55188
83954
91986
77632
61331
82953
96388
37937
49887
11138
65558
56004
15291
50597
97
63010
56585
72229
96861
16366
65101
17809
42680
91913
3310
23160
91542
77547
94422
22832
79571
49610
6787
71557
27243
68118
54511
23631
6055
4398
34770
71614
60403
50062
22211
60501
13072
78797
32730
9933
95164
97832
27743
37844
89745
31054
61004
81287
8601
55427
4120
88172
5038
10907
59730
32281
79026
14241
55913
85082
18640
90684
56696
79043
40747
78908
39545
53820
57706
72276
63753
52870
70108
91497
90714
59854
22551
51719
41142
31152
7147
45262
19325
12185
56170
79056
44467
35196
93298
381
20278
11938
91066
76975
90982
31813
55883
30528
85633
13589
2804
49387
66460
72913
40885
57175
32767
63436
8894
73909
94589
16042
19171
13915
28227
75342
92971
72695
10538
86269
73076
30817
98208
64142
7792
89191
95956
63675
19719
81590
77265
22523
30977
43725
95437
71862
900
28204
35299
9795
2113
29888
25837
21285
43804
54065
96627
36775
26760
7166
23045
99837
37983
21254
63980
45775
10445
59936
9451
30165
41526
86716
52689
72504
30442
48126
44367
31342
76330
79666
41137
78444
9555
66975
99730
53359
21040
96358
90135
47800
3525
13181
47638
41508
34435
11618
87284
44881
71554
96735
75047
13081
83452
27736
85585
13894
75863
29952
45237
52194
9619
86375
30638
19174
53350
30369
72534
74390
26728
62669
22191
30253
75850
69829
71762
10286
81448
59046
55168
53002
55782
30215
66084
39235
57952
51670
53130
33815
81623
98367
86009
91242
84742
16648
10417
38092
47018
82951
12483
73746
45620
34674
3999
21471
4504
75762
31757
85952
34808
86925
38955
90591
17141
5039
29826
75093
56709
82956
8908
38333
81324
94918
29575
66066
11566
39992
4158
58584
22944
16641
32331
68564
51316
36330
90036
55821
12092
21793
41773
46901
8719
80729
37493
25861
85769
67319
954
42479
50276
9863
80812
31600
4781
10387
97666
16348
50380
1825
74933
73324
18467
7264
41889
69784
43595
31925
25605
55688
53719
67379
2590
62439
48108
40083
88301
33877
7403
89255
76356
57679
99119
57169
89280
3901
67556
86947
20249
17937
88773
95182
91262
7240
2447
33152
77025
46042
65077
2630
1731
18797
70010
4321
81237
18118
44404
69538
51996
51808
58794
28353
9488
57913
85522
98768
61815
53079
85716
82064
71017
74489
77247
62279
81730
79695
95431
58755
25738
60509
61386
27469
79307
31396
31790
60545
49515
76195
30083
1511
28003
88878
29865
37491
46792
15387
36260
8607
68467
21976
90671
39484
96466
67919
1764
78196
47614
97195
36952
73352
57705
98338
822
37013
29734
32613
97558
79250
8808
27642
80761
36812
16520
10626
74304
63312
26014
10564
71919
94482
32541
62591
33966
29007
30511
35730
7204
78125
32926
44156
51478
90632
42495
52300
27645
72229
84913
25203
51479
93722
52845
32241
30535
69366
42868
4839
32678
68883
15404
4598
63365
47946
67189
97331
76954
97700
33062
84158
75826
65989
28315
27305
56621
70810
79606
84267
43040
64519
9471
94520
58242
62317
26762
88777
31683
69630
93617
64362
38514
9022
68960
1879
56968
36149
99211
33922
33850
32274
18081
9677
98263
46396
36982
54885
17207
16588
39153
60247
81108
48624
54767
39350
10941
81530
28128
42625
51160
21746
6987
89675
30768
75947
91554
87736
12097
90766
21659
45948
23040
39740
55625
21304
86137
92607
76190
3344
9196
15343
63591
90304
63968
18359
29655
74909
99889
57784
17534
51050
79530
24522
40725
10298
469
32280
98035
12566
23047
19694
58514
46087
59434
14140
67392
45571
6748
43583
48915
15944
58926
12507
6249
22894
30866
35905
97804
30756
93690
15339
81807
73220
39861
22533
83519
40331
54813
81554
52898
77860
1248
11413
23948
60683
25553
91341
6255
32301
34924
55171
48246
93851
67678
54496
16746
98545
90402
14551
29302
84092
29890
11109
57312
69752
33642
40832
10084
88456
22386
62982
66316
23635
74395
90265
84319
99948
81607
90574
32250
16531
45745
80497
10383
13424
34993
27129
11969
25395
41680
41271
9488
71571
52381
66801
41324
86023
7633
51408
74479
30019
14390
40796
53655
88785
31061
37974
88734
12668
28548
20985
29200
74294
1482
39583
87718
36476
66713
99687
61872
8393
40959
71360
79965
93340
38161
21290
79364
45794
72698
53843
75814
87089
94639
29469
75875
25701
67444
64609
38370
95992
85595
67570
70287
87077
7154
58005
23554
73867
57693
85426
82261
98653
56786
62227
91994
94947
83517
71358
40742
56215
25201
16556
43304
19841
46026
19180
45543
13470
83790
83913
9463
69385
51484
79750
56463
58639
37756
80017
32506
95450
65443
14768
94103
22230
76995
86097
17178
60513
57455
57920
16728
82657
74477
60033
2499
20503
79213
48042
33974
63004
31956
43437
32389
83441
23188
88852
42080
60945
68870
74587
56395
34313
89356
50498
56544
66352
36596
73722
26865
94052
31642
43593
76710
6119
3627
79209
26623
82841
27252
60597
45845
59209
4035
78235
42650
27224
67088
84731
88169
35958
59318
44564
70272
48674
95063
26816
15027
31660
538
41892
25712
32181
85486
2422
38301
89113
81632
64924
71955
8885
25521
17801
68094
29557
96036
10744
56781
63124
95476
44951
99082
54795
89515
69355
3470
84579
96171
18497
16240
96710
60389
41953
28891
45875
44375
67192
34988
26008
32116
6944
34893
57638
24745
2988
87196
20782
13733
43977
83907
9209
88928
82990
64004
78444
52345
67474
63024
48516
85971
79264
45226
46360
21217
74117
92235
65593
41310
27224
91602
73427
34168
26495
31065
58914
29483
18262
79697
43216
62239
63604
52426
51168
46594
16430
29612
98939
83904
92637
47455
69875
71902
92682
16236
93120
66800
8471
58713
8110
35696
50315
81537
69865
76811
12603
28780
6295
30865
8477
49512
93105
72081
1938
44273
18675
18369
73886
17615
2274
66524
65071
72150
38426
57753
88386
31546
24553
96858
90260
32664
32554
40576
14202
2420
17388
26806
31200
23684
57671
39677
73196
50777
11759
75135
95051
30435
93504
68938
48050
95778
35462
13121
67928
73889
70875
56315
5435
95429
53173
95696
28093
85728
36272
42295
88148
53660
69101
19349
77344
26773
59026
50541
77550
70786
25677
72602
1221
19182
41540
49271
14961
77002
62393
82890
50892
33268
39205
56327
28697
92379
52023
56791
78107
88296
99086
66256
41957
68188
85605
19302
94962
44632
69843
72513
15418
95521
45115
16640
14703
86655
65912
29664
63658
28305
12554
14550
61574
51759
70878
90271
44139
22902
47062
22247
11198
46149
88503
53156
14338
74109
72458
9300
18742
42302
81813
34161
37823
26928
50801
52526
13584
16713
82191
77243
45018
94745
91793
6593
46505
62671
96865
90644
85574
43928
12891
96773
90077
1395
49929
4416
75505
22388
13716
94247
64690
95530
28408
2514
22458
79209
55041
36043
95923
37232
13286
40942
31977
5080
47535
78483
67751
44400
69127
53326
88328
82019
50099
78406
83414
29
82822
58919
22417
96539
53167
87108
92069
81575
89622
14528
60785
44664
50571
56709
81896
63858
97651
13874
68938
45187
92357
36690
89587
61485
90016
77916
43504
40116
56323
26919
40145
39146
85839
62563
35685
39006
49671
27755
20582
39294
42283
81367
83958
92855
38077
65854
56714
35728
79729
25652
80915
72086
62342
70503
33571
52359
48420
77075
92475
4743
3995
32620
43890
89834
95183
79575
28840
44855
7331
49422
84149
49615
30790
68108
42471
68867
33963
99185
4596
13692
24837
85512
85778
87179
56015
19350
39539
4436
96425
32014
9179
420
64635
53070
90255
59818
32645
19095
4674
39977
68518
88824
89592
99309
56932
32063
68177
90896
31249
72773
4588
56086
58285
90367
43266
14301
9717
82805
18737
6143
14819
27917
6564
79454
80987
96819
39273
13633
15915
43948
53610
84434
32772
43203
83743
89705
75267
51920
80601
6516
24694
85190
62602
82979
75557
5869
97281
85275
88674
16018
91418
3494
43936
97982
82949
24923
94802
22222
38557
10718
66171
92168
95152
98943
35371
78896
88648
10639
30817
69250
17155
55511
54440
79758
38491
29998
85627
35772
15273
74302
51791
6691
77797
95727
4674
60746
20650
99477
82969
59208
10195
49140
51376
5348
48083
86747
84244
36732
97386
15061
5982
14542
70572
60423
94300
9063
90421
79928
44836
5694
54231
96627
12386
32028
92354
17061
92774
13005
16539
75744
72213
26734
24884
23589
32082
72968
10336
16326
9701
7723
31388
15684
22265
1960
76107
16566
11024
66528
96494
55860
72223
50725
52487
84610
82753
44842
1672
75528
57847
18211
51272
30060
44945
76157
53649
77028
49125
63986
93355
58826
71709
24743
74510
93975
26704
50618
10541
37728
17146
7036
93589
89370
57762
46077
73981
40516
90919
75653
16044
48766
93864
67317
78826
38810
43474
32476
15839
92599
96462
9194
51426
68172
33938
25936
62148
60643
76554
72690
98371
93701
79726
91961
83072
37489
38038
57053
78005
28957
32707
94049
77723
26572
61366
56550
65382
4840
89026
81221
97440
85489
90416
48866
53662
24355
74803
15811
84998
51358
88501
83370
45060
68228
75331
28133
5717
13369
85187
83722
42327
17894
77772
20050
44466
39138
76601
9849
43979
65628
91071
41419
51118
81487
90286
4781
5842
65089
20592
90841
16448
9094
74211
61508
77322
49542
89641
83040
62912
74828
66763
5239
92723
44535
25290
37189
83674
1892
47039
27654
67520
38110
69074
18638
19597
59360
23419
25440
24450
44012
16282
40898
53106
90493
2406
30429
40036
92048
13469
2948
66877
80233
8188
59600
24769
33478
96789
8443
35371
43828
36098
2891
81939
5172
21530
1537
64532
44950
26978
88982
88962
43260
29881
42068
33753
32287
72498
73789
24336
85968
76738
91213
66201
84926
50813
90970
18405
47603
99414
53776
91432
35512
56667
73371
40684
78198
74908
5216
23148
1886
94199
12110
45146
24080
54179
78900
56368
26677
52689
80704
12645
29427
71918
78846
14354
22731
69817
32759
70335
69231
86535
61767
4744
43203
35139
45428
21401
10047
50645
44549
11934
44845
56660
57081
68925
10839
35981
25294
37516
88671
5999
50161
18099
77917
29008
32453
649
98825
65212
70984
68057
51748
32752
72801
94951
67891
18229
16353
77939
68875
60902
89873
13720
17562
46954
82646
28402
82936
7940
65918
71607
13940
16080
89706
91857
45088
22160
92507
43914
87373
63492
11971
39121
96244
84773
34073
64136
3003
50426
42076
71878
11329
31950
85599
28892
78905
68245
57294
61841
76186
23213
33449
90126
39294
23156
81984
84382
45316
74492
28297
32690
37984
40269
71811
34229
25042
5885
98366
28045
56311
40442
99923
67641
72392
85523
96534
51298
53768
53829
13139
29955
77042
46589
20081
16336
69745
2066
719
15062
76558
29017
47752
14542
69286
19564
48772
94328
25449
47138
22374
81761
87580
22298
49403
59973
7821
45937
11271
61590
99766
24411
91545
76808
71000
11626
93145
40746
13693
93865
55808
90251
22882
3560
4794
92168
23125
53566
86497
48574
705
8872
30336
88286
31170
79739
48259
38992
25676
59531
582
25443
83943
92127
2251
54943
3754
95397
95689
17447
89262
51497
7699
12144
55058
12493
4313
78184
66060
90811
26758
66765
99683
57095
55052
30853
36834
3311
69846
62511
62843
70428
87954
46786
62555
90206
1730
66310
85603
97419
83757
74866
48917
91457
87011
3976
3951
91324
82160
70012
82135
8919
36777
81819
66014
91830
12673
2848
95141
82519
65359
57985
52947
53314
4772
15503
43520
6502
81813
29124
3921
65571
3990
52839
57028
91001
56816
60979
82326
38976
30991
64462
47895
67769
46281
13910
59599
58954
16758
54741
41474
82118
12727
94421
35432
17499
9925
78953
24001
91738
8077
27923
57310
12068
80762
14338
3070
37579
75318
85396
76555
6310
49859
24451
74080
96141
38361
33680
55096
55120
88421
96570
37239
1149
90992
72672
18648
917
51625
42650
92656
59703
70573
49966
71771
51336
64305
74841
88915
39623
60238
65471
45934
10098
89922
20014
6239
28284
53694
61335
83405
42116
57906
20644
43265
48898
93316
61914
49815
44942
4564
42472
4646
75138
92438
76417
26475
56743
51259
15391
96367
11498
80862
42301
21596
70785
62315
27835
99070
16009
89171
82475
58126
47077
3120
1391
95975
96437
63306
45791
41379
67871
88264
46025
43009
80702
22443
69485
37446
73703
84876
33813
85201
65739
76114
6797
36525
38430
34632
35595
54439
23803
18071
12565
70881
21191
13957
66857
17629
77263
12649
59008
45134
913
5034
88144
81615
27478
57629
19062
1181
42506
52875
86382
8246
28989
93179
44771
67420
27812
80367
21859
51616
98439
34425
22497
19631
48383
89355
37260
25647
2004
96269
70782
2917
1304
58927
84533
28782
16556
3595
29964
59063
56470
16346
67309
85460
9526
12081
52880
37339
92449
74740
88955
90888
9166
11453
10519
57549
809
47780
83197
2813
44049
53979
5730
45353
12906
90263
74135
29463
93859
4099
88527
50329
20446
55837
35790
29973
67918
88670
67312
60367
63411
56268
51256
72577
67722
61776
30127
68531
9556
13325
71344
53605
67304
77075
98958
80211
67339
73094
9675
61198
77194
98202
11528
97640
54039
47318
27613
21958
35989
94926
82326
99401
51194
33582
71978
18916
95358
2106
87447
4915
15431
58792
58520
82736
35867
57479
62947
3206
30574
72622
64405
7768
70825
75933
5409
24864
23252
33023
46822
59241
27949
29148
58642
79143
62731
30621
98060
58089
32728
85507
63005
48160
44300
21525
30896
80168
79005
93844
83375
9579
66467
47780
17348
37292
23714
22757
62156
46966
55780
8979
6208
83729
38128
64850
62873
859
95472
60933
58949
28200
46441
21954
76361
90741
43480
7257
70909
22485
1102
54284
32065
67569
2065
49413
4861
25779
72171
67018
72745
27951
75997
78953
11681
14126
43804
74554
14985
39276
35487
73934
67477
81928
95888
43838
72669
39368
51096
43579
61854
52198
97864
93919
19767
99929
43333
24629
25708
15504
91648
98453
43455
67646
77407
55136
81772
21211
29691
96757
60488
65178
70691
27965
47106
66580
71804
19776
5948
22901
63356
67802
75099
61220
61722
94867
61149
5055
19497
86857
20559
11145
85311
64015
78791
62718
19152
60563
83929
48843
57320
44417
14021
28012
72383
61128
94592
44187
80905
541
67088
44261
68343
42188
5481
30066
37056
66631
35122
56553
53488
55681
67698
38799
19697
46489
1517
38849
7052
85447
87692
64373
29864
1714
92385
2247
62842
86977
46435
43747
87518
13524
88009
55862
55713
93491
85929
92769
60122
21051
49322
13610
76733
17020
52410
96430
63510
53928
35279
70563
39375
22972
34936
69240
24686
27322
71488
87528
14300
17924
31276
1818
31448
19285
57681
87161
12777
43611
79930
72899
64662
29253
86510
41396
46273
38920
37826
9784
92849
73106
80347
32225
96078
15283
1465
20764
42605
72954
8293
56906
90878
39570
58724
22327
58856
16406
9488
71633
60017
89419
44532
24680
18672
31042
66076
64946
69963
3903
74730
62812
77009
55078
95038
73088
70361
96504
93853
12967
69458
2146
69873
60337
41717
28598
82664
573
45005
92152
72206
5023
81572
16739
29704
245
47782
95780
65192
17745
99684
39922
80558
76693
95000
75596
49781
65362
72101
43634
78330
41559
45781
48204
1896
87499
76803
84560
88072
21808
76713
60279
26832
58286
77018
56536
58531
24800
52317
23724
42546
52001
63646
23105
28695
58647
98702
78476
24010
70803
22111
2341
12362
67893
50545
14259
55393
27349
98820
43465
49157
75534
3745
75990
33820
80764
32526
92352
5565
84844
16076
48111
36845
79723
71216
65540
38371
69919
44017
62382
40722
66129
64723
53085
34023
15269
67345
89416
42618
66165
32882
91776
41699
36627
67767
75520
17391
293
67873
22956
85138
83950
71068
21983
63673
42285
87524
2045
12204
31542
64427
52926
97672
29151
6012
31696
44421
73357
21113
87040
39523
53995
78817
81222
90623
46584
56743
8015
46878
24616
30971
32016
8566
2040
54000
72240
44325
41524
74286
56530
73067
38714
9457
70740
67865
15469
2436
12287
88827
23550
99328
28350
77545
78145
9573
68169
24729
66316
76184
71607
90933
7155
3624
99500
9196
57624
71741
53521
99149
46027
10052
72216
84741
19509
42957
52607
34978
45394
64895
23805
68944
64223
52156
46490
42368
61729
14659
67098
28045
90843
38706
18979
97999
42330
18480
7195
99954
90221
60717
99103
36249
70769
71320
20991
90278
14277
73598
25257
59672
38494
49063
28616
2717
1219
75106
45086
62949
89766
12184
90995
80609
50890
9974
78609
93221
28455
85804
93175
18676
46522
92279
54926
17291
63599
75917
7570
77877
49516
32828
37550
88010
81892
66166
90727
83112
41273
35813
46061
31040
47998
37056
11649
98889
47030
90258
92110
75486
76063
85286
94162
22585
77565
49089
39877
41165
25006
47447
19043
74522
80276
56593
62532
62168
22759
53259
45280
64033
89073
91341
95073
37071
28397
6723
35960
75428
96982
28071
50914
73045
13357
45077
95631
90922
94166
35508
32088
19173
82956
51131
93695
63232
7724
56227
25400
30484
9487
70681
94518
98560
62022
89592
35632
90420
96315
71592
65849
93298
99664
16764
66344
13021
61841
61975
3944
56008
97484
36032
75181
80440
87164
68876
43673
94889
25104
69074
25373
34592
39755
19892
33152
1778
9484
68785
92199
5800
40378
58048
99099
40042
74812
65443
53063
36654
27418
57007
92662
24903
93040
67844
5343
80204
36720
49017
75093
61825
18091
467
96417
57847
20359
29570
59626
29844
98355
51825
35645
38733
9873
34744
78775
84685
187
31839
21339
27606
88846
14002
52509
81886
81846
57853
62091
18567
6870
37184
80392
24962
37652
76810
82809
58011
6381
42435
87856
4736
94261
23501
43470
4134
58246
22246
88820
58433
54085
10159
86040
42931
24162
38549
24818
6008
96403
86909
24575
3273
24094
4968
28236
61746
81779
11046
19758
88160
53482
7615
92897
47743
31117
36367
51877
89363
58613
40697
47796
12698
50857
33836
55630
75019
72386
80449
81028
68789
67359
5604
72063
91453
10573
299
53200
92352
11346
72959
80513
64828
80575
73411
12571
11692
9778
64449
1055
68392
5147
48852
81091
56005
82689
36722
31025
55075
17171
12053
23865
84530
17658
95929
75984
28231
96228
29185
20584
7575
2145
1098
72403
82720
74509
84975
94412
84288
49425
95468
52680
54572
44320
33772
10578
27009
70494
41603
82085
87665
53657
5951
72196
71315
1880
48180
99547
98109
77365
20131
5684
79511
21230
78088
62231
95739
63063
56643
80027
12489
52111
32708
67061
96432
66480
77639
23441
36974
19243
5527
24640
72900
11478
96836
44215
13359
45017
43762
11468
22382
63894
17153
1893
85125
95241
64125
80864
58305
20769
60892
70794
72880
93600
37856
69313
60081
15496
92755
97056
34739
98282
21696
7639
9761
18533
51854
23121
63550
95617
34589
85933
59512
51743
87827
44637
46984
51952
25502
5290
72721
86394
76084
45602
79995
13940
14915
40076
29436
7671
37133
64175
5954
58830
71815
15715
77363
23670
38836
40913
19287
73426
26847
78800
25169
14674
23437
72154
66627
48940
77444
39349
35334
53529
84951
15330
67470
99867
55407
96907
7539
92540
61083
13493
51370
32898
29208
28733
56568
68045
69647
75856
41472
96495
54656
66641
11169
78094
38796
77797
27034
16241
17146
62369
69770
2098
77699
37240
1966
33106
34147
9505
25646
95230
22998
77017
28129
52206
5751
84697
20252
75398
60553
61724
71894
15210
28366
83063
93304
67162
60861
20339
83404
78007
82708
53174
80105
60407
90415
82071
93514
24563
91576
19161
19793
14574
96178
47923
66781
1929
32620
87034
77328
93174
48758
49222
8384
77125
32286
1688
44287
93147
22028
27691
71154
4736
80866
51260
65144
71281
33332
58658
95844
24908
77819
15638
39483
73997
63561
6265
75927
96182
93299
53255
89356
42057
2478
97741
19182
34764
99430
63470
27911
21458
91162
99066
26194
72029
50326
91338
43310
83658
49996
39155
8567
27816
54794
48051
1813
18356
54316
77741
14538
47615
30996
3895
89673
33474
1636
8856
68239
1066
72327
96151
22524
63490
95217
48718
35519
45544
40057
78830
29203
90054
17986
37771
17870
72780
85822
19684
91136
40139
97425
5675
87755
28422
9570
77428
61897
11206
86285
30136
12272
58613
26287
34797
22103
21505
83516
57623
67049
23573
36453
96253
13627
54439
34024
31498
27220
19846
51182
18356
59985
48607
24031
47740
77030
33602
25169
38927
44808
11455
69064
57081
70068
95352
91878
92172
16857
75394
49795
83907
98968
86249
80160
12595
40688
14185
44093
67909
34031
95276
86266
94017
43884
10298
41757
20914
43900
66927
59842
88708
78382
28906
45790
48451
24259
37668
40623
41117
13063
90418
25025
12031
76667
5186
24627
17356
19371
68721
85265
53403
63997
71531
47420
7881
81829
89178
28796
25729
56105
88638
14438
34488
17545
60228
82939
41805
97897
23562
82922
10961
13980
7948
22993
90648
13134
47620
8004
32505
16341
93269
85908
80339
64801
33329
88221
46630
22507
17017
72360
78613
5656
86798
13101
23202
47027
96041
65007
44925
19603
47930
55886
33584
55878
78879
24232
69012
26500
32237
1518
42842
25507
87427
23181
90308
20756
11403
36939
43264
28421
9299
21877
34078
96098
34979
57280
43126
31020
22288
88052
50624
70218
43939
84208
26097
22818
8441
95110
49319
40679
96628
92161
66186
84055
15343
56495
4812
26747
93434
48076
55168
2734
69954
89246
98833
4933
46526
41960
35953
68815
30012
86577
39034
73951
70786
65131
96770
79228
60241
46089
19907
56870
38251
86094
40926
53595
42589
45738
80342
36023
93815
35510
38758
63769
24757
37591
68702
71284
79551
4656
40099
9563
91234
79133
83515
62020
44264
80285
41249
4506
26375
61156
61377
64627
47251
2303
18222
89840
48042
98565
25863
41857
34075
64622
5627
58833
2213
74329
30117
81765
78986
70216
91329
70220
49349
74844
32241
93614
55130
73490
98121
81506
34647
59498
46134
81898
61801
64356
71739
9844
62922
97602
51701
96998
62225
57328
55831
64438
31658
85948
46204
10644
56164
37533
80865
5514
12378
13106
99129
67508
86597
97250
49015
21245
56748
95149
3143
18550
59506
74882
28394
22428
72485
80096
19426
34711
37424
75257
99149
69083
61205
45354
79728
17370
82887
60593
22884
95265
73699
22013
62774
60297
19264
11790
81542
76012
6939
84686
94563
66445
59569
22957
88874
32055
3053
8300
66766
40478
83557
65916
9561
44763
11270
89290
62133
94157
49883
85018
89423
23583
7032
52198
83880
26296
63988
65423
2309
70927
50109
96872
37373
9678
19829
26247
41734
22883
34548
8500
63361
18105
74416
72923
62869
85687
62213
25003
79845
12096
10021
69269
35680
17054
21467
19561
43350
85455
84984
45660
56383
35094
42532
93756
44772
62362
20004
86507
85245
54552
95007
48606
72658
69424
21530
35527
55111
83743
60531
34957
95840
70553
4226
31520
87607
25693
51081
30958
11149
36066
76618
67532
71160
19150
61289
15933
81513
81293
2440
66758
35846
97448
15365
8504
66872
36895
44032
21984
20638
4564
56941
16478
75117
61168
47999
62724
86861
99081
93682
98010
35147
70301
65543
6307
89451
26832
22241
70964
8126
24681
37723
43973
22129
53088
52478
89002
89983
96511
10986
10622
1075
67928
27100
76192
29096
75100
38916
15958
74181
32599
13969
9328
2900
79512
15636
92352
6345
37877
63316
14471
62559
1040
58444
84688
54128
10923
73691
44112
7434
84678
54734
8509
52606
81835
84701
81703
56935
23618
97661
31116
56217
11631
40445
59117
91143
56081
51469
97488
93959
14786
11960
56518
15826
70405
41207
69955
81328
14898
14067
88762
99576
68801
97272
52183
50636
81973
33886
7571
5591
31548
38688
61808
43180
79133
20926
34323
35215
72395
31812
29175
87182
43772
85694
3008
14178
26901
72964
95506
41800
87031
84269
41376
55833
81541
93559
6470
63515
27446
14042
69106
58995
52730
30915
2175
31864
51842
36499
67080
24237
68311
96255
11420
12084
81949
14429
26262
8851
87393
21769
50651
74425
6038
92028
30258
87580
85587
36729
51095
13034
50771
20202
72030
3502
51118
74206
35367
2960
10705
2447
27198
79016
98703
38618
91101
80653
53047
17363
89504
40440
39132
40156
14866
45171
32184
45124
32751
17772
81854
83847
30807
32625
4049
2837
36127
55168
77043
71495
58129
87749
73942
85327
66765
72646
23945
57866
53299
76993
75230
42804
17434
14362
82960
32300
59533
15145
77425
92285
32917
59279
76132
63725
91904
80182
66562
28032
35350
43606
99527
93479
31355
73470
78807
98121
46116
2753
55988
99416
79746
31218
42221
97180
45581
25181
29480
5115
40327
6905
97400
73245
66185
73532
36970
58089
53714
3533
86122
89065
47139
85650
82545
78495
59121
61352
76617
5237
64105
32605
4654
43851
63824
46875
41032
9406
72057
70513
14521
12384
77419
11922
85630
43604
85454
22600
1694
39169
26133
87816
28234
73273
73467
10779
51769
32588
72132
28386
37826
36237
60992
42480
80089
24817
89356
21121
34223
61413
91634
48745
73798
69053
60667
59428
12657
46122
82028
14352
85291
8162
2169
13526
81436
75636
24306
33205
8225
96438
61591
46051
32675
22583
88532
12764
47400
77888
33886
81624
39302
25520
30370
13100
94574
91038
72529
7232
37160
54557
21584
22452
62720
23753
35978
44156
99390
60285
77361
7615
56723
38952
53666
89399
61536
42199
2163
8937
20087
36050
90562
59390
61570
20932
72490
56144
11970
45019
63377
49131
99577
84961
71583
62298
8715
7562
6454
8105
67847
83816
15720
24570
22769
69387
13969
84305
11586
16133
93243
31674
52183
83805
91065
13754
4738
63556
69899
16708
8575
33276
65840
8153
18238
37423
70452
26953
44985
76906
35058
12832
60722
50779
37403
83492
20166
51373
67797
31753
67506
61040
63428
19690
44846
54493
33444
49584
18049
3344
66293
26625
36620
32133
34779
54858
69556
5231
81812
14542
82138
16870
27375
42861
67650
64778
26353
87816
16151
94151
19570
83658
55192
82999
3348
38
37493
36793
49622
55543
40137
15916
82168
76758
48049
16948
31617
17606
22180
13429
32149
4318
30299
59524
47180
97949
24303
73533
85766
40455
67684
5337
24113
22876
88337
27462
22915
25830
64255
72538
81373
4393
88454
63542
81151
36504
80490
12768
54111
2670
26198
86260
6989
56498
45785
54169
54447
70088
27702
40214
10544
95387
45552
34657
18264
33889
62119
41179
59719
26375
13718
41093
30769
2173
4635
11921
38677
85125
24690
92788
87796
50888
79049
94785
7386
24835
48955
61834
94923
76658
2049
5468
72046
47601
40125
90310
81490
2245
31490
41210
28621
45209
82303
59390
47382
86939
71311
86059
72065
96001
78848
59861
46889
57898
54647
54276
82733
3602
16110
77657
80261
18159
83125
52307
65760
23250
42618
47251
25496
74108
88462
54117
19317
70766
13507
66699
57705
84818
52759
29770
80820
31607
89632
27710
89506
44279
81986
72239
47882
98096
49896
28143
16255
33021
80451
82016
56272
23069
29268
81768
97177
17730
35885
16495
88496
49393
83195
46202
34212
35954
75973
15032
67562
65605
42743
57068
9884
24729
29307
57767
22825
79204
85911
39081
12226
66362
21097
68498
89431
50366
50267
86609
68096
86153
3105
56593
35546
86300
2795
69759
22255
78768
84792
89818
44374
27535
46887
54258
52264
76195
12026
75090
55399
97937
14172
67625
64300
35270
36124
53732
85636
86391
40342
53732
72545
43447
10326
8091
29748
13122
77850
52004
91891
62643
41823
36265
90178
88710
90524
42443
64905
2550
17533
20304
488
31706
87930
64789
66976
24054
18521
52612
10446
58864
6345
82991
2311
16672
91083
32060
29794
68934
84065
21686
31577
25888
57951
21755
14598
48475
64198
79503
51026
81732
99808
51515
13438
87739
16304
80415
11793
34826
33028
22240
93690
39373
5232
96002
56046
96315
28063
85841
65249
12128
7527
96826
38017
65478
18582
52615
13954
82781
32119
64980
64513
31928
16496
77952
19667
32801
58367
31461
67627
91395
53701
61318
30769
58933
57321
86815
55249
85384
72656
20498
97513
80183
17325
35530
45662
35908
88146
59616
18689
20265
24597
83203
52193
41094
61155
71861
73895
19522
3322
41523
10918
57024
2842
41687
15958
60163
28503
71207
45548
1160
91706
43061
81344
9032
78592
27006
44940
66738
86623
63630
87004
11221
46833
39198
52315
7988
11059
26210
27511
14382
67734
38429
71406
70576
80117
87364
30740
8620
58571
76288
9780
50277
19350
91124
59309
97942
18130
4250
64681
4754
67880
51685
15975
14713
90883
68290
22702
1943
94501
50214
16325
62235
88643
87732
32812
68760
75096
63552
77381
33668
39840
87161
83946
59191
78286
43256
57133
96417
47506
21815
1171
15387
73500
17146
30101
64384
85437
52803
66328
79938
3017
82653
42174
91661
70386
74986
60422
45482
38538
37803
79151
78379
24965
63097
37571
3251
6353
94705
99668
53860
16520
840
69247
90020
17986
99349
54405
3424
52152
20733
83362
55170
3387
25537
46832
73773
523
7254
19256
39062
45058
98407
17442
70023
61505
55013
73274
67858
49718
72943
21719
66239
73783
90967
56260
91770
90316
10665
95194
42469
31399
78557
97639
34787
4094
44472
8561
4618
51726
27817
43681
96785
26225
61123
66808
87730
16137
40083
55589
65856
13027
77308
32095
86810
68276
88355
78581
58592
99021
73776
1061
30420
52333
98701
65208
56428
43173
73769
61046
94900
1587
4727
91685
27812
65851
58494
15543
81988
98577
71133
47844
11605
48442
79940
98415
16718
68295
76997
75310
67316
50773
76372
97737
3107
75073
62945
59535
18246
36715
20581
13147
38302
25309
4832
66115
91160
63326
81658
73149
61904
52791
20994
73509
1233
934
71925
17952
69230
48922
93262
36547
99696
69634
34284
2803
44707
97230
62338
62954
33945
82920
76101
72248
8230
80934
38363
99390
44260
20021
72540
6165
72813
93534
79674
74047
94469
51600
91999
63699
522
85262
246
219
54896
34531
3023
99604
31762
65361
62559
65707
48282
38661
37956
56512
19595
76319
55903
63856
96341
28444
70021
69155
21978
49696
43202
16447
1296
35202
80147
1819
20464
80393
2038
75361
14925
5061
74966
46687
70423
37525
12395
18706
76187
50351
75219
95782
26670
31123
59638
23011
59567
29660
92167
81545
79356
35369
97993
80652
70572
78140
82471
91037
58534
84509
66398
73459
89571
41365
20147
59995
78891
32542
78701
55078
82893
53920
50860
9564
85043
10499
32576
44611
40159
24743
26157
19515
60113
24150
167
30685
2291
82639
21722
60826
67148
88121
34286
56720
29487
54433
16715
8378
86975
95416
63456
69869
49337
14317
79433
34381
24816
12010
78992
64975
36753
5149
84491
96867
29300
84658
27552
31591
67297
49275
92417
34446
37397
26703
91167
66884
81137
7882
75263
68112
3299
38720
37982
52637
53037
17416
87018
77853
29426
66010
42829
66180
71159
27320
63047
459
11979
90600
32051
79276
39876
24469
13723
77274
51173
4890
44159
32310
12773
19422
423
16072
58142
38405
68709
11180
55822
55728
89033
85249
21738
31863
51429
92898
59183
14477
93358
71163
5078
25409
50439
44954
49879
64163
22229
1052
69053
66388
33363
81827
85811
33786
97900
43953
72192
66609
55134
28015
22338
44167
13264
44076
76031
64694
36975
35215
79171
30333
6378
84249
55743
56818
29204
5622
20981
51433
6675
90035
17822
40038
71862
3633
73825
69762
47587
46018
36372
2721
74033
58710
46888
87298
2787
22920
51992
39762
58135
31164
70095
64514
15414
25839
21332
44618
31462
42313
96052
38137
32348
13874
78176
4211
17507
52001
73973
65094
98020
10346
67815
72054
69056
14704
59352
71843
37625
11344
11606
95760
42509
81702
60274
57923
7541
81607
2542
39003
23920
98595
77140
56269
12469
55317
60481
29977
7319
34455
95072
5339
44801
62888
77394
13857
77593
36746
85701
15218
48091
97307
10979
90600
79009
71254
48524
86551
52861
51066
25554
76782
49661
2695
33052
62131
58012
93533
92108
65332
27988
87181
70671
72789
50070
48065
86647
27663
84812
72349
42882
32903
69657
53862
23504
48667
25117
72028
35218
77979
23094
60773
54762
72756
63468
87814
34887
21481
81348
26996
86813
9337
14178
57485
82127
64248
5551
68775
91912
90364
41124
34795
23267
10781
88658
46772
59448
13775
18800
94667
91755
41895
55440
46517
14652
18909
34332
49539
40390
15680
76536
27204
25018
90714
84690
7145
54963
90241
75920
46875
80606
17044
81671
3873
27826
70329
50646
87275
84105
69447
81942
75861
11342
37383
22378
25995
56292
56711
75534
96683
72392
52071
23888
97410
42786
8578
4555
97749
98820
80476
44625
79426
97520
26296
83300
25347
96626
33946
12623
80732
3393
94566
56593
14736
31949
78971
40731
88242
35682
16266
84925
8075
68337
8813
5485
11123
17391
10040
8873
16212
90516
53498
95638
88037
79795
78939
13385
76421
12885
26008
57153
16279
20574
13747
31015
52524
92719
71747
40766
28402
88014
25691
36477
56352
34505
41962
67476
51897
52003
76349
68109
42520
29847
63748
30558
9643
42687
43943
86064
55572
69952
43218
71852
90527
56966
2868
43051
49685
74615
83817
78087
62629
9509
14564
18982
44014
56526
86458
95911
8529
62807
64020
51050
92655
27768
81608
2298
70455
25552
88363
26028
95504
31582
97880
86031
88548
748
29082
38233
75364
12900
16320
37994
22409
30885
56976
66423
87412
43434
62334
95942
6242
26354
46992
98897
54123
28600
1195
24579
54152
89559
50607
49657
21141
48487
35688
9690
49236
64771
47924
24600
77671
64245
62595
80
95130
19571
66503
82542
63006
28837
78484
69248
55192
25476
68145
9316
54077
69341
33895
8230
58901
84502
57887
80043
32990
93575
89733
82227
58346
37657
6828
36017
1903
69423
36097
97033
88995
2600
79576
52001
31438
58060
21249
86631
83537
89395
95947
37615
58737
29842
45845
17638
14345
3732
97681
47336
97307
87415
29563
55654
25073
36391
91671
26976
5815
27769
24010
94810
30370
3586
46811
61808
61647
68061
48440
45185
57456
44388
82800
16194
74231
28645
33833
88576
32377
31515
35913
29685
18930
65476
85339
44004
1868
77010
70981
7683
4779
94991
2493
35149
98578
49304
96958
60225
17366
45399
5410
74823
89787
88211
91017
64018
16856
24850
52595
49233
56365
88508
78918
75296
53985
64257
19301
55853
41268
90282
63537
46048
85273
66030
81198
83852
15335
78157
44077
32701
23556
49488
7525
13344
37700
98542
77363
54556
