9672
9605
7506
9914
7844
6212
5096
7742
5168
6651
6862
5985
7873
6194
7268
9260
7435
6383
5097
2748
7770
8123
4946
6471
6485
9746
1199
7326
1918
5905
2646
1590
5510
152
1505
3355
6364
6601
1097
1533
3252
7959
7519
1126
4154
4788
387
1589
1171
5484
4338
8942
3608
9284
5413
93
9031
6613
7420
949
2519
66
2539
8029
218
4044
1385
6583
645
2483
8117
3898
443
5636
5025
4597
425
5412
6186
1596
897
524
538
4505
9809
5952
4598
8840
2565
2018
9790
5084
2085
2329
3114
2303
6374
4500
8887
7020
6983
7004
919
7426
2640
5944
2023
3065
1356
8210
4662
2253
8735
5200
6759
8544
1153
1357
7385
3718
3376
7175
8803
5461
9505
1918
7765
5879
6418
6652
2900
3401
3656
3820
828
6297
9764
2852
9363
1121
1062
4025
3375
9797
9226
134
8342
379
1492
5727
4098
4869
2902
2902
330
2407
4820
8096
8287
1239
4748
1188
4640
8405
5008
5469
4703
4773
8321
4066
5894
9384
8092
9270
9181
7318
9405
7524
7698
897
3251
1797
5766
6154
4699
6097
8562
9520
4194
6850
759
8942
8038
5400
7348
3047
869
2051
7820
9190
6117
3715
8574
4209
2985
7756
1528
2391
5280
9226
3288
8532
1024
9055
4686
5723
5153
3248
5243
9347
98
6003
8290
8137
1403
5638
1184
2272
7690
9004
1463
3807
2720
38
8017
5706
7794
9545
8097
3075
8772
1386
1607
9797
441
6293
5520
5595
9542
764
4942
9640
6767
3233
7777
8170
8872
8962
443
6562
7966
1906
370
687
1944
8387
6393
9739
7933
4490
2814
6706
5876
4421
6503
6318
715
2024
1913
257
2789
6856
9898
9556
90
7676
7727
8962
6638
8170
5524
4605
77
5894
5292
2021
4282
1685
1761
2215
6175
4575
8922
2052
8997
5426
8370
9712
7450
284
9970
239
7141
9868
9796
7231
7544
7524
6193
4183
5695
1718
8788
5773
7613
4080
7794
1895
5766
9556
4111
1942
4131
3033
3994
3128
8459
2365
2841
5910
2649
2811
6150
9791
2679
5947
7022
224
3472
3216
4407
9167
4935
3196
4940
2548
7276
2735
4443
3043
2291
8554
4985
6423
1588
8979
9551
48
1345
2392
5958
3995
5203
2109
3786
7883
8056
809
8108
1528
4026
2515
696
8961
5711
5637
1509
2988
8373
5952
6031
664
4507
1017
7087
6096
9996
6639
6144
1342
9032
2103
5337
4236
4212
9124
2120
2269
9933
228
3798
3960
2743
4494
2921
8455
131
4430
1443
8505
383
7475
9169
4891
8492
6257
987
8489
2897
7132
9831
1929
9235
5169
6166
3448
4293
8286
5717
4227
8514
9515
8187
1258
4010
1108
9713
4142
5539
1157
2647
5923
8632
1817
814
7125
8075
1802
5615
972
8934
5446
2902
8170
616
9069
1618
4910
7355
7335
9137
5869
6851
7325
7128
862
8434
6841
5004
3974
7998
7652
9897
6631
9469
712
3757
7544
2515
9372
8517
1449
4819
1419
9620
5435
488
1238
345
7844
8574
9483
3714
5425
6808
842
6288
5243
7683
1292
9217
5682
8945
9115
2314
8414
9827
6071
5959
2343
5443
4476
3792
263
5896
3412
5698
6385
4651
6044
4229
3225
5527
7944
8651
2336
8786
4939
7579
6470
6232
6797
2152
5177
5912
4467
3591
5740
539
9551
8083
5983
4027
1876
6246
9924
5289
1944
6309
9940
7988
539
3166
3516
8483
1817
5852
7270
6757
3432
3740
2989
229
5893
8166
6142
360
1758
1882
899
1309
9965
6882
5337
1842
3129
5261
7131
5073
1571
7072
3062
2110
238
6578
593
2055
2430
7863
8813
5862
1604
1802
6092
7497
9969
2234
7858
1728
4116
8758
3038
4082
5641
8375
5924
8770
3637
3056
3843
5208
128
6906
7318
366
3484
7912
2422
5914
5776
1236
1777
7380
3038
7870
4878
3008
104
2737
4736
4221
1495
7774
8304
7136
6150
4229
5907
9787
7285
9751
4996
7413
6657
2315
7780
141
227
203
6056
6004
1439
7834
3385
4478
5704
8263
7486
5808
1000
2223
30
2496
9997
8334
9632
6148
2563
5539
5936
9848
5291
932
7262
1948
3247
5043
2089
3475
5247
8146
9479
6687
5980
2864
1165
1684
1128
8652
7493
2129
875
7524
4625
873
5858
4257
7021
8422
9797
2958
8271
5088
3891
5534
7037
7139
578
9127
614
5825
7273
94
2512
3253
2958
3678
4938
4087
2330
2432
6216
3205
9956
841
4079
5815
5099
1100
4238
4897
4059
2509
9986
7950
8044
7023
5089
8622
6150
5704
4448
3423
5798
6961
6677
8757
639
1615
2844
2969
4048
9060
6175
4005
9902
254
9821
5001
1355
4059
9898
5414
6569
9884
3365
4613
6908
8454
3236
3058
4158
7684
6481
9957
4645
3159
8714
5284
4774
1558
8254
8823
619
4430
2828
522
4684
2649
5524
6040
6708
5423
1455
3278
5307
4820
7891
2215
3275
1128
5274
7434
8812
1756
7391
3457
4915
6105
8742
9690
7664
6997
8513
8284
1427
1341
8807
6112
3991
4331
2152
700
9754
3607
3978
5062
8428
1870
7278
1703
2998
2552
9137
1811
4308
6529
5268
9223
2634
4011
8913
299
1009
7426
8584
2436
8768
7391
8549
2760
1722
701
3460
1476
4309
7439
6539
2737
9309
3817
4440
2308
6369
3578
4119
677
107
9388
9901
2742
3399
8815
3042
4409
6241
1626
6845
5010
9018
5394
7770
740
6096
1231
2217
405
8670
8756
3143
7980
2574
7583
288
8943
1162
4407
9621
1269
3795
9522
4012
7195
8338
7054
1604
4580
8681
8450
9590
7699
3845
7361
8440
9942
8593
657
347
7264
9414
3490
5244
1988
1074
5533
932
2237
9941
553
3506
3737
76
7519
932
8414
4573
2537
2994
3254
988
2585
954
4834
9947
9394
4776
8540
52
5124
5804
9466
8614
1049
1455
9689
6582
2388
1926
6523
2941
5433
260
3018
2952
1193
1433
7526
3731
4428
781
4719
7014
1735
9554
6961
1129
4330
5502
1181
9454
1306
648
8069
2356
2103
7759
8938
4492
9685
5462
